#include "pre_comps.hh"

const double S[441] = {
0.12590187590187574,0.015289802789802964,0.015289802789802888,0.0012896825396826114,3.0062530062588411e-05,0.0012896825396825225,0.032287157287157253,-0.010016835016835257,
0.0029461279461279188,0.0010131072631072505,-0.0005651755651755689,0.00042087542087542059,0.032287157287157205,0.002946127946127931,-0.010016835016835049,0.0004208754208754195,
-0.00056517556517556152,0.0010131072631072795,-0.0059644059644060748,-0.0059644059644061581,-0.0018278018278018084,0.015289802789802964,0.0027753727753728752,0.001188672438672423,
0.00024771524771525708,-2.4050024050210894e-06,0.00010311447811447853,0.0072450697450694435,-0.0021951659451659444,0.00051226551226549177,0.00021795334295333577,-9.6200096200101982e-05,
6.3431938431938518e-05,0.0020683020683021454,0.00033128908128906339,-0.00067941317941316859,5.5615680615681506e-05,-6.5536315536316196e-05,7.1548821548815224e-05,-0.0010389610389609574,
-0.00063492063492064793,-0.00025974025974026451,0.015289802789802888,0.001188672438672423,0.0027753727753727607,0.00010311447811447126,-2.40500240500938e-06,0.0002477152477152625,
0.0020683020683021289,-0.000679413179413179,0.00033128908128906773,7.1548821548816227e-05,-6.5536315536316413e-05,5.5615680615680367e-05,0.0072450697450695579,0.00051226551226552387,
-0.0021951659451658369,6.3431938431939114e-05,-9.6200096200101332e-05,0.00021795334295333913,-0.00063492063492064793,-0.0010389610389610268,-0.00025974025974026885,0.0012896825396826114,
0.00024771524771525708,0.00010311447811447126,2.3448773448763935e-05,-1.8037518037513972e-06,1.0070947570947194e-05,0.00079816017316015203,-0.00023914742664739655,6.779100529100265e-05,
2.3523929773932445e-05,-1.277657527657761e-05,7.8914141414141312e-06,0.0002931096681096665,5.00541125541187e-05,-9.2141654641656053e-05,7.1398508898506312e-06,-9.7703222703220919e-06,
9.3945406445407044e-06,-0.00010582010582011869,-6.7340067340075941e-05,-3.1265031265032602e-05,3.0062530062588411e-05,-2.4050024050210894e-06,-2.40500240500938e-06,-1.8037518037513972e-06,
2.4050024050112232e-06,-1.8037518037524814e-06,-0.00021344396344400579,6.1628186628203546e-05,-3.9381914381889874e-05,-5.8621933621941279e-06,7.5156325156311649e-06,-4.0584415584416059e-06,
-0.00021344396344398324,-3.9381914381894428e-05,6.162818662820398e-05,-4.0584415584416736e-06,7.5156325156321949e-06,-5.8621933621944125e-06,1.9240019240023866e-05,1.9240019240027335e-05,
1.4430014430014213e-05,0.0012896825396825225,0.00010311447811447853,0.0002477152477152625,1.0070947570947194e-05,-1.8037518037524814e-06,2.3448773448766998e-05,0.00029310966810966736,
-9.2141654641656108e-05,5.0054112554114797e-05,9.3945406445408399e-06,-9.7703222703226069e-06,7.1398508898507396e-06,0.00079816017316017426,6.7791005291002813e-05,-0.00023914742664741677,
7.8914141414142329e-06,-1.2776575276576227e-05,2.3523929773932404e-05,-6.7340067340071388e-05,-0.00010582010582010806,-3.1265031265033361e-05,0.032287157287157253,0.0072450697450694435,
0.0020683020683021289,0.00079816017316015203,-0.00021344396344400579,0.00029310966810966736,0.096681096681096701,-0.022967772967773081,0.012136243386243417,0.0019690957190957245,
-0.0020713083213083194,0.00099356661856661848,0.025793650793650792,0.0067430254930254969,-0.007888407888407882,0.00076809764309764363,-0.0013317700817700767,0.00078763828763828831,
-0.0043771043771042434,-0.0023569023569023888,-0.0022607022607022704,-0.010016835016835257,-0.0021951659451659444,-0.000679413179413179,-0.00023914742664739655,6.1628186628203546e-05,
-9.2141654641656108e-05,-0.022967772967773081,0.0059668109668108982,-0.0031664862914862896,-0.00053421115921114051,0.00056246993746993015,-0.00027732683982683947,-0.0078884078884078855,
-0.0020162938912939099,0.002398989898989898,-0.00022772366522366531,0.00039592352092352096,-0.0002383958633958634,0.0013035113035113274,0.00073593073593074178,0.00066859066859066649,
0.0029461279461279188,0.00051226551226549177,0.00033128908128906773,6.779100529100265e-05,-3.9381914381889874e-05,5.0054112554114797e-05,0.012136243386243417,-0.0031664862914862896,
0.0023502886002885869,0.00028394059644059515,-0.00042267917267917654,0.00021043771043771062,0.0067430254930255021,0.0017123617123617233,-0.0020162938912939073,0.00018037518037518038,
-0.00033429533429533476,0.00019766113516113393,-0.00053391053391052892,-0.00041847041847042563,-0.00045214045214045373,0.0010131072631072505,0.00021795334295333577,7.1548821548816227e-05,
2.3523929773932445e-05,-5.8621933621941279e-06,9.3945406445408399e-06,0.0019690957190957245,-0.00053421115921114051,0.00028394059644059515,4.9001924001924359e-05,-5.15572390572391e-05,
2.5928932178932176e-05,0.00078763828763828907,0.00019766113516113447,-0.00023839586339586313,2.217111592111601e-05,-3.8630351130350898e-05,2.3599086099086064e-05,-0.00012746512746512634,
-7.4555074555077193e-05,-6.493506493506461e-05,-0.0005651755651755689,-9.6200096200101982e-05,-6.5536315536316413e-05,-1.277657527657761e-05,7.5156325156311649e-06,-9.7703222703226069e-06,
-0.0020713083213083194,0.00056246993746993015,-0.00042267917267917654,-5.15572390572391e-05,7.7561327561328076e-05,-3.9081289081289004e-05,-0.0013317700817700815,-0.0003342953342953352,
0.00039592352092352129,-3.4872534872534909e-05,6.4935064935064881e-05,-3.8630351130351006e-05,0.000101010101010106,8.1770081770087336e-05,8.6580086580087014e-05,0.00042087542087542059,
6.3431938431938518e-05,5.5615680615680367e-05,7.8914141414141312e-06,-4.0584415584416059e-06,7.1398508898507396e-06,0.00099356661856661848,-0.00027732683982683947,0.00021043771043771062,
2.5928932178932176e-05,-3.9081289081289004e-05,2.0292207792207785e-05,0.00076809764309764363,0.00018037518037517983,-0.00022772366522366509,1.8789081289081266e-05,-3.4872534872534895e-05,
2.2171115921115949e-05,-6.0125060125059836e-05,-5.5315055315054845e-05,-4.8100048100048118e-05,0.032287157287157205,0.0020683020683021454,0.0072450697450695579,0.0002931096681096665,
-0.00021344396344398324,0.00079816017316017426,0.025793650793650792,-0.0078884078884078855,0.0067430254930255021,0.00078763828763828907,-0.0013317700817700815,0.00076809764309764363,
0.096681096681096257,0.012136243386243441,-0.02296777296777279,0.0009935666185666187,-0.0020713083213083263,0.0019690957190956924,-0.0023569023569023975,-0.0043771043771042382,
-0.0022607022607022687,0.002946127946127931,0.00033128908128906339,0.00051226551226552387,5.00541125541187e-05,-3.9381914381894428e-05,6.7791005291002813e-05,0.0067430254930254969,
-0.0020162938912939099,0.0017123617123617233,0.00019766113516113447,-0.0003342953342953352,0.00018037518037517983,0.012136243386243441,0.0023502886002885913,-0.0031664862914862826,
0.00021043771043771035,-0.00042267917267917654,0.00028394059644059325,-0.00041847041847041001,-0.0005339105339105454,-0.0004521404521404533,-0.010016835016835049,-0.00067941317941316859,
-0.0021951659451658369,-9.2141654641656053e-05,6.162818662820398e-05,-0.00023914742664741677,-0.007888407888407882,0.002398989898989898,-0.0020162938912939073,-0.00023839586339586313,
0.00039592352092352129,-0.00022772366522366509,-0.02296777296777279,-0.0031664862914862826,0.0059668109668109225,-0.00027732683982683958,0.00056246993746993427,-0.00053421115921115569,
0.00073593073593075566,0.0013035113035113344,0.00066859066859066801,0.0004208754208754195,5.5615680615681506e-05,6.3431938431939114e-05,7.1398508898506312e-06,-4.0584415584416736e-06,
7.8914141414142329e-06,0.00076809764309764363,-0.00022772366522366531,0.00018037518037518038,2.217111592111601e-05,-3.4872534872534909e-05,1.8789081289081266e-05,0.0009935666185666187,
0.00021043771043771035,-0.00027732683982683958,2.0292207792207785e-05,-3.908128908128895e-05,2.5928932178932196e-05,-5.5315055315054628e-05,-6.0125060125059727e-05,-4.8100048100048118e-05,
-0.00056517556517556152,-6.5536315536316196e-05,-9.6200096200101332e-05,-9.7703222703220919e-06,7.5156325156321949e-06,-1.2776575276576227e-05,-0.0013317700817700767,0.00039592352092352096,
-0.00033429533429533476,-3.8630351130350898e-05,6.4935064935064881e-05,-3.4872534872534895e-05,-0.0020713083213083263,-0.00042267917267917654,0.00056246993746993427,-3.908128908128895e-05,
7.7561327561328158e-05,-5.1557239057238694e-05,8.1770081770088637e-05,0.00010101010101010426,8.6580086580087014e-05,0.0010131072631072795,7.1548821548815224e-05,0.00021795334295333913,
9.3945406445407044e-06,-5.8621933621944125e-06,2.3523929773932404e-05,0.00078763828763828831,-0.0002383958633958634,0.00019766113516113393,2.3599086099086064e-05,-3.8630351130351006e-05,
2.2171115921115949e-05,0.0019690957190956924,0.00028394059644059325,-0.00053421115921115569,2.5928932178932196e-05,-5.1557239057238694e-05,4.9001924001924759e-05,-7.4555074555079253e-05,
-0.0001274651274651322,-6.4935064935064325e-05,-0.0059644059644060748,-0.0010389610389609574,-0.00063492063492064793,-0.00010582010582011869,1.9240019240023866e-05,-6.7340067340071388e-05,
-0.0043771043771042434,0.0013035113035113274,-0.00053391053391052892,-0.00012746512746512634,0.000101010101010106,-6.0125060125059836e-05,-0.0023569023569023975,-0.00041847041847041001,
0.00073593073593075566,-5.5315055315054628e-05,8.1770081770088637e-05,-7.4555074555079253e-05,0.00061568061568084004,0.00046176046176053115,0.00023088023088022394,-0.0059644059644061581,
-0.00063492063492064793,-0.0010389610389610268,-6.7340067340075941e-05,1.9240019240027335e-05,-0.00010582010582010806,-0.0023569023569023888,0.00073593073593074178,-0.00041847041847042563,
-7.4555074555077193e-05,8.1770081770087336e-05,-5.5315055315054845e-05,-0.0043771043771042382,-0.0005339105339105454,0.0013035113035113344,-6.0125060125059727e-05,0.00010101010101010426,
-0.0001274651274651322,0.00046176046176053115,0.00061568061568077412,0.00023088023088022741,-0.0018278018278018084,-0.00025974025974026451,-0.00025974025974026885,-3.1265031265032602e-05,
1.4430014430014213e-05,-3.1265031265033361e-05,-0.0022607022607022704,0.00066859066859066649,-0.00045214045214045373,-6.493506493506461e-05,8.6580086580087014e-05,-4.8100048100048118e-05,
-0.0022607022607022687,-0.0004521404521404533,0.00066859066859066801,-4.8100048100048118e-05,8.6580086580087014e-05,-6.4935064935064325e-05,0.00023088023088022394,0.00023088023088022741,
0.00015392015392015406};
const double F[3969] = {
17.14285714285711,9.6428571428571246,9.2857142857142776,9.6428571428571246,9.285714285714274,9.6428571428571246,9.2857142857142208,9.642857142857121,
17.14285714285721,2.8571428571430033,2.678571428571427,1.5119047619047059,1.392857142857153,1.5119047619047656,1.7142857142857191,2.7976190476190794,
1.7142857142856844,3.2857142857142745,3.2857142857142954,1.7142857142856514,2.7976190476190581,1.7142857142857189,1.511904761904777,1.3928571428571619,
1.5119047619047272,2.6785714285714164,2.8571428571429394,0.21428571428571885,0.30357142857142794,0.19642857142857206,0.16071428571428736,0.19642857142857073,
0.21428571428571352,0.19642857142857473,0.21428571428571419,0.35714285714285721,-1.0658141036401503e-14,-0.071428571428604926,0.047619047619040344,-0.071428571428563181,
-0.095238095238080689,-0.071428571428560517,0.047619047619028798,-0.071428571428588938,-8.8817841970012523e-15,0.35714285714285632,0.21428571428571619,0.19642857142857295,
0.21428571428571364,0.19642857142857051,0.16071428571428648,0.19642857142857306,0.30357142857142894,0.21428571428572218,-11.785714285714334,-4.8214285714285623,
-4.6428571428571388,-4.8214285714285552,-4.642857142857137,-4.8214285714285623,-4.6428571428571104,-4.8214285714285605,-5.357142857142847,5.1785714285714732,
1.1250000000000009,1.0833333333333375,2.4107142857142918,1.0833333333333299,1.1249999999999964,1.0833333333333286,1.1249999999999964,1.2499999999999982,
-3.1785714285714235,-1.7321428571428754,-3.0476190476190084,-1.7321428571428257,-1.7619047619047414,-3.2678571428571281,-1.7619047619047876,-3.2678571428571317,
-4.8214285714285623,-0.48214285714287186,-0.080357142857142794,-0.077380952380953216,-0.22321428571428736,-0.077380952380952273,-0.080357142857142683,-0.077380952380954326,
-0.080357142857143071,-0.089285714285714357,0.82142857142857828,0.48214285714285765,0.54761904761905278,0.48214285714285499,0.40476190476190244,0.58928571428571264,
0.40476190476191398,0.58928571428571708,0.89285714285714235,-0.26785714285714268,-0.13392857142857051,-0.11904761904761951,-0.13392857142857051,-0.11904761904761807,
-0.22321428571428481,-0.11904761904761826,-0.22321428571428548,-0.44642857142857073,-5.3571428571428523,-4.8214285714285623,-4.642857142857082,-4.8214285714285658,
-4.642857142857137,-4.8214285714285694,-4.6428571428571237,-4.8214285714285605,-11.78571428571437,-4.8214285714285658,-3.2678571428571317,-1.7619047619048018,
-3.2678571428571317,-1.761904761904745,-1.7321428571428381,-3.0476190476190377,-1.7321428571428488,-3.1785714285714342,1.2499999999999978,1.1250000000000009,
1.0833333333333375,1.1249999999999978,1.0833333333333299,2.4107142857142909,1.0833333333333355,1.1249999999999964,5.1785714285714732,-0.44642857142857162,
-0.22321428571428603,-0.11904761904762218,-0.22321428571428448,-0.11904761904761774,-0.13392857142857095,-0.11904761904761824,-0.13392857142857073,-0.26785714285714324,
0.89285714285714057,0.58928571428571619,0.40476190476191043,0.58928571428571197,0.40476190476189933,0.48214285714285365,0.54761904761904967,0.48214285714285543,
0.82142857142857384,-0.089285714285714468,-0.080357142857142794,-0.077380952380949664,-0.080357142857142738,-0.077380952380952273,-0.22321428571428686,-0.077380952380952536,
-0.080357142857143071,-0.48214285714286698,-1.1428571428572099,-1.1428571428572241,-1.3333333333333712,-1.1428571428571104,-1.3333333333333002,-1.7142857142857011,
-1.3333333333334636,-1.7142857142857366,-5.7142857142857366,-5.7142857142857366,-1.7142857142857366,-1.3333333333333997,-1.7142857142857011,-1.3333333333333108,
-1.142857142857121,-1.3333333333333446,-1.1428571428571743,-1.1428571428571956,2.857142857142863,2.5714285714285694,2.4761904761905029,2.5714285714285676,
2.4761904761904727,2.5714285714285658,2.4761904761904812,2.5714285714285783,2.8571428571428594,2.8571428571430033,1.392857142857153,2.797619047619051,
2.6785714285714208,1.5119047619047663,1.7142857142856811,1.5119047619047432,1.7142857142857189,3.2857142857142607,1.6047619047619719,0.54642857142856904,
0.62222222222218626,0.54642857142856993,0.62222222222221613,0.32142857142856696,0.62222222222218804,0.32142857142856807,1.4047619047618871,-0.16190476190477199,
0.55476190476188236,0.80674603174604087,0.55476190476188592,0.20674603174602502,0.55476190476187737,0.20674603174602002,0.5547619047618948,-0.16190476190478764,
0.1357142857142879,0.069642857142856673,0.052380952380951751,0.0053571428571440038,0.052380952380952306,0.03452380952380988,0.052380952380948753,0.034523809523810192,
0.1071428571428571,-0.0047619047619100741,-0.0023809523809639188,0.091269841269822294,0.050000000000001432,0.005555555555553815,0.019047619047616343,0.0055555555555527325,
0.01904761904761787,0.090476190476189877,0.0071428571428570065,0.04642857142857082,-0.0065476190476179141,0.046428571428570507,0.024404761904761915,0.032142857142851824,
0.024404761904761776,0.032142857142857674,-0.085714285714284466,-2.7857142857143913,-0.6964285714285765,-0.75595238095240092,-1.9821428571428497,-0.75595238095238315,
-0.85714285714286009,-0.75595238095236894,-0.85714285714285943,-1.6071428571428599,1.0785714285714647,0.16250000000000009,0.17638888888888982,0.94821428571429101,
0.17638888888888873,0.20000000000000065,0.17638888888886761,0.20000000000000079,0.37500000000000044,-0.54523809523809419,-0.43035714285712601,-0.70019841269842686,
-0.43035714285715376,-0.21448412698412744,-0.54523809523809974,-0.21448412698412805,-0.54523809523810807,-1.4464285714285743,-0.079761904761904034,-0.011607142857143149,
-0.012599206349206415,-0.09017857142857072,-0.012599206349206384,-0.014285714285714377,-0.012599206349201864,-0.014285714285714391,-0.026785714285714465,0.14523809523809827,
0.12916666666666821,0.129960317460319,0.12916666666666676,0.072817460317461197,0.097619047619047716,0.072817460317460517,0.097619047619050714,0.26785714285714313,
-0.0059523809523809867,-0.034821428571428892,-0.011805555555557401,-0.034821428571428711,-0.011805555555555597,-0.017857142857142873,-0.011805555555555928,-0.017857142857142898,
-0.13392857142857145,-0.071428571428572951,-0.6964285714285765,-2.0416666666666785,-0.69642857142857051,-0.75595238095238315,-0.85714285714282279,-0.75595238095238371,
-0.85714285714285943,-1.678571428571408,-0.088095238095243111,-0.44107142857142989,-0.42043650793654308,-0.62678571428571095,-0.42043650793652965,-0.19761904761905158,
-0.420436507936506,-0.1976190476190553,-0.42023809523809408,0.016666666666664165,0.16250000000000009,0.66210317460318446,0.1624999999999982,0.17638888888888873,
0.19999999999996068,0.17638888888888959,0.20000000000000079,0.71547619047618261,0.0059523809523809312,-0.058035714285714635,-0.039781746031747112,-0.058035714285713816,
-0.039781746031746168,-0.020238095238095138,-0.0397817460317463,-0.020238095238095468,-0.080357142857142863,0.016666666666665275,0.09226190476190288,0.074007936507936911,
0.11607142857142728,0.074007936507939798,0.035714285714286531,0.074007936507936967,0.035714285714286073,0.098809523809526734,-0.0011904761904762556,-0.011607142857143149,
-0.057837301587303269,-0.011607142857142996,-0.012599206349206384,-0.014285714285710103,-0.012599206349206447,-0.014285714285714391,-0.085119047619045957,-0.72380952380955677,
-0.038095238095337436,-0.86984126984128807,-0.038095238095282813,-0.18412698412700212,-0.19047619047619668,-0.18412698412699979,-0.19047619047626041,-1.7142857142857324,
-0.15238095238095539,-0.057142857142864045,0.025396825396796885,-0.74285714285714899,0.025396825396776235,-0.076190476190513889,0.025396825396817868,-0.076190476190512446,
0.60952380952378515,0.03809523809524018,0.37142857142858077,0.40317460317460529,0.37142857142857588,0.4031746031746043,0.45714285714286007,0.40317460317460629,
0.45714285714286051,0.85714285714286287,3.2857142857142811,1.7142857142857082,1.5119047619047308,1.7142857142856798,1.511904761904777,2.6785714285714235,
2.7976190476190439,1.3928571428571601,2.8571428571429358,-0.1619047619047933,0.55476190476188525,0.20674603174601702,0.55476190476186815,0.20674603174602479,
0.55476190476187748,0.80674603174603376,0.55476190476187748,-0.16190476190478775,1.4047619047618838,0.32142857142856407,0.62222222222219603,0.32142857142857828,
0.62222222222222712,0.54642857142857437,0.6222222222221836,0.54642857142857437,1.6047619047619257,-0.085714285714284522,0.032142857142857917,0.024404761904761929,
0.03214285714285392,0.024404761904762151,0.04642857142857082,-0.0065476190476165819,0.046428571428571153,0.0071428571428568954,0.090476190476189267,0.019047619047610098,
0.0055555555555435454,0.019047619047617648,0.0055555555555475422,0.050000000000001599,0.091269841269828067,-0.0023809523809590338,-0.0047619047619056332,0.10714285714285732,
0.034523809523810067,0.052380952380947088,0.034523809523809901,0.05238095238095275,0.0053571428571430602,0.052380952380951973,0.069642857142856562,0.13571428571428268,
-1.6785714285714164,-0.8571428571428541,-0.7559523809523867,-0.85714285714284699,-0.75595238095238848,-0.69642857142857295,-2.0416666666666785,-0.69642857142858006,
-0.071428571428571175,0.71547619047619548,0.20000000000000062,0.17638888888888937,0.19999999999996732,0.17638888888888893,0.16249999999999964,0.66210317460317825,
0.16249999999999831,0.016666666666665275,-0.42023809523809774,-0.19761904761906202,-0.420436507936504,-0.19761904761906024,-0.42043650793652887,-0.62678571428571317,
-0.42043650793651555,-0.441071428571437,-0.08809523809523867,-0.085119047619046206,-0.014285714285714346,-0.012599206349206471,-0.014285714285713347,-0.012599206349206415,
-0.011607142857142871,-0.057837301587303269,-0.011607142857143038,-0.0011904761904762695,0.098809523809523903,0.035714285714287808,0.074007936507936911,0.035714285714287364,
0.074007936507939576,0.11607142857142883,0.074007936507936467,0.0922619047619051,0.016666666666665719,-0.080357142857143293,-0.020238095238095832,-0.039781746031746057,
-0.020238095238095249,-0.039781746031746112,-0.058035714285714302,-0.039781746031746085,-0.058035714285714579,0.0059523809523809312,-1.6071428571428665,-0.8571428571428541,
-0.75595238095235118,-0.85714285714286031,-0.75595238095238848,-1.9821428571428434,-0.75595238095238537,-0.69642857142858006,-2.7857142857143646,-1.4464285714285774,
-0.54523809523811373,-0.21448412698411801,-0.5452380952380973,-0.21448412698414021,-0.43035714285714199,-0.70019841269841399,-0.4303571428571642,-0.54523809523809419,
0.37500000000000178,0.20000000000000062,0.17638888888887072,0.20000000000000018,0.17638888888888893,0.9482142857142879,0.17638888888888737,0.16249999999999831,
1.0785714285714416,-0.13392857142857184,-0.017857142857143238,-0.011805555555556291,-0.017857142857142849,-0.011805555555556069,-0.034821428571428559,-0.011805555555556541,
-0.034821428571428836,-0.0059523809523809312,0.2678571428571439,0.097619047619050381,0.072817460317460725,0.097619047619047716,0.072817460317459615,0.12916666666666909,
0.12996031746031639,0.12916666666666909,0.14523809523809872,-0.026785714285714468,-0.014285714285714346,-0.012599206349202252,-0.014285714285714332,-0.012599206349206415,
-0.090178571428570942,-0.012599206349206395,-0.011607142857143038,-0.07976190476190953,0.60952380952378604,-0.076190476190525658,0.025396825396818201,-0.076190476190504342,
0.025396825396818201,-0.74285714285713311,0.025396825396796885,-0.057142857142881809,-0.15238095238095895,-1.7142857142857277,-0.19047619047626085,-0.18412698412700124,
-0.19047619047620046,-0.18412698412699946,-0.038095238095287698,-0.86984126984126853,-0.038095238095277928,-0.72380952380955321,0.85714285714286298,0.45714285714285907,
0.40317460317460707,0.45714285714285863,0.40317460317460529,0.37142857142857189,0.40317460317460463,0.37142857142857721,0.038095238095240624,0.21428571428571885,
0.16071428571428736,0.19642857142857473,0.30357142857142794,0.19642857142857095,0.21428571428571441,0.19642857142857206,0.2142857142857133,0.35714285714285721,
0.1357142857142879,0.0053571428571440038,0.05238095238095053,0.069642857142855785,0.052380952380952306,0.034523809523810144,0.052380952380951751,0.034523809523809977,
0.10714285714285714,-0.085714285714284522,0.03214285714285392,-0.0065476190476130292,0.032142857142857029,0.02440476190476204,0.046428571428571264,0.02440476190476204,
0.046428571428571042,0.0071428571428566734,0.032142857142859249,0.0080357142857144792,0.0071428571428568954,0.0080357142857144792,0.0071428571428571314,0.0053571428571428104,
0.0071428571428568954,0.0053571428571428104,0.010714285714285732,-0.021428571428572241,-0.003571428571429891,-0.0011904761904810712,-0.0035714285714281147,-0.0035714285714280314,
-0.002380952380952317,-0.0035714285714285032,-0.0023809523809518729,3.3306690738754696e-16,-9.7144514654701197e-17,0.0053571428571428936,0.0044642857142864756,0.0053571428571428312,
0.0044642857142856707,0.0053571428571428728,0.0044642857142857123,0.0053571428571428381,4.163336342344337e-17,-0.21428571428573306,-0.080357142857143682,-0.098214285714287364,
-0.22321428571428648,-0.098214285714285476,-0.10714285714285676,-0.098214285714285587,-0.10714285714285665,-0.16071428571428537,0.078571428571427404,0.018750000000000155,
0.022916666666666918,0.097321428571429447,0.022916666666666474,0.024999999999999883,0.022916666666666696,0.024999999999999883,0.037499999999999867,-0.08571428571428763,
-0.070535714285719031,-0.094345238095233874,-0.070535714285713147,-0.049107142857142017,-0.078571428571427959,-0.049107142857142572,-0.078571428571428514,-0.14464285714285663,
-0.0035714285714272265,-0.0013392857142857095,-0.0016369047619047145,-0.008482142857142827,-0.0016369047619047561,-0.0017857142857142846,-0.0016369047619044785,-0.0017857142857142828,
-0.0026785714285714364,0.021428571428571797,0.018749999999999822,0.017559523809524524,0.018749999999999739,0.012797619047618891,0.014285714285714207,0.01279761904761903,
0.014285714285714179,0.026785714285714191,-9.0205620750793969e-17,-0.0040178571428572118,-0.0028273809523813309,-0.0040178571428571008,-0.0028273809523809354,-0.0035714285714285587,
-0.0028273809523809423,-0.003571428571428531,-0.013392857142857137,4.4408920985006262e-16,-0.080357142857143682,-0.098214285714290916,-0.080357142857142572,-0.098214285714285476,
-0.10714285714285809,-0.098214285714285587,-0.10714285714285665,-0.1964285714285714,-4.4408920985006262e-16,-0.072321428571429536,-0.067559523809529232,-0.072321428571428314,
-0.067559523809523347,-0.047619047619046673,-0.067559523809523792,-0.047619047619047228,-0.06964285714285734,-1.1102230246251565e-16,0.018750000000000155,0.022916666666669583,
0.018749999999999878,0.022916666666666474,0.024999999999999994,0.022916666666666655,0.024999999999999883,0.076785714285714346,-6.9388939039072284e-17,-0.0066964285714285199,
-0.0055059523809525279,-0.0066964285714285476,-0.0055059523809523614,-0.0035714285714285449,-0.0055059523809523753,-0.0035714285714285449,-0.0080357142857143127,3.8857805861880479e-16,
0.013392857142857373,0.012202380952381575,0.013392857142857068,0.012202380952380798,0.0095238095238093234,0.012202380952380951,0.0095238095238094067,0.016071428571428459,
1.0408340855860843e-17,-0.0013392857142857095,-0.0016369047619046589,-0.0013392857142857113,-0.0016369047619047561,-0.0017857142857142291,-0.0016369047619047591,-0.0017857142857142828,
-0.0080357142857142884,-0.17142857142857615,-0.057142857142872927,-0.12380952380952337,-0.05714285714285694,-0.047619047619048116,-0.057142857142856718,-0.04761904761904745,
-0.057142857142857384,-0.17142857142857171,-2.2204460492503131e-16,-0.085714285714280525,-0.038095238095243289,-0.08571428571428541,-0.038095238095237072,-0.038095238095238293,
-0.038095238095237904,-0.038095238095237849,4.4408920985006262e-16,-3.3306690738754696e-16,0.042857142857142705,0.052380952380950863,0.04285714285714276,0.052380952380952195,
0.057142857142857106,0.052380952380952292,0.057142857142857051,0.085714285714285965,-1.0658141036401503e-14,-0.071428571428562293,0.047619047619029686,-0.071428571428590715,
-0.095238095238083353,-0.071428571428585386,0.047619047619040344,-0.071428571428561405,5.3290705182007514e-15,-0.0047619047619100741,0.049999999999996325,0.0055555555555523717,
-0.0023809523809639188,0.0055555555555502623,0.019047619047609765,0.091269841269822294,0.01904761904761601,0.090476190476187546,0.090476190476188378,0.019047619047620312,
0.091269841269827845,0.019047619047605213,0.0055555555555582004,-0.0023809523809577016,0.0055555555555537595,0.050000000000001599,-0.0047619047619118504,-0.021428571428571797,
-0.0035714285714281147,-0.0035714285714283645,-0.0035714285714316674,-0.0035714285714284755,-0.0023809523809515953,-0.0011904761904810712,-0.0023809523809520394,-1.1102230246251565e-16,
0.02857142857142736,0.011904761904756755,0.012698412698410322,0.011904761904759309,0.012698412698407324,0.011904761904757644,0.012698412698410877,0.011904761904758532,
0.028571428571425805,1.9428902930940239e-16,-0.0023809523809520949,-0.0011904761904795724,-0.0023809523809519353,-0.0035714285714283645,-0.0035714285714321115,-0.00357142857142842,
-0.0035714285714282257,-0.021428571428572851,1.0658141036401503e-14,0.035714285714281147,0.047619047619045674,0.035714285714327332,0.047619047619041677,0.035714285714282035,
-0.095238095238077136,0.035714285714280702,-2.6645352591003757e-15,0.0047619047619029686,-0.0083333333333334147,-0.011111111111110961,-0.0083333333333470705,-0.011111111111110572,
-0.0083333333333328596,0.04603174603173521,-0.0083333333333335258,-4.4408920985006262e-16,0.061904761904753691,0.048809523809520083,0.046825396825393995,0.048809523809515198,
0.046825396825390442,0.032142857142855696,0.046825396825390442,0.055952380952366987,2.6645352591003757e-15,-0.0023809523809523725,0.00059523809523803761,0.00079365079365076308,
0.00059523809523875926,0.00079365079365072144,0.00059523809523805149,-0.0039682539682508455,0.00059523809523799598,-6.9388939039072284e-17,-0.014285714285713569,-0.010714285714284899,
-0.0087301587301582551,-0.01071428571428501,-0.0087301587301569228,-0.0059523809523808202,-0.0087301587301574779,-0.0083333333333335258,4.4408920985006262e-16,1.8041124150158794e-16,
0.0017857142857142794,0.002777777777777754,0.0017857142857142169,0.0027777777777778789,0.0029761904761901603,0.0027777777777776569,0.0029761904761905211,0.00238095238095265,
-2.2204460492503131e-15,0.035714285714281147,-0.095238095238073583,0.035714285714282812,0.047619047619041677,0.035714285714299798,0.047619047619045229,0.035714285714280702,
4.4408920985006262e-15,0,0.055952380952369207,0.04682539682539133,0.032142857142853587,0.046825396825384891,0.048809523809520083,0.046825396825395993,
0.048809523809517863,0.061904761904751915,-6.106226635438361e-16,-0.0083333333333334147,0.046031746031739318,-0.0083333333333327486,-0.011111111111110572,-0.0083333333333435178,
-0.011111111111110794,-0.0083333333333335258,0.0047619047619016364,0.0023809523809527056,0.0029761904761904101,0.0027777777777776569,0.0029761904761903268,0.0027777777777778234,
0.0017857142857142794,0.0027777777777777679,0.0017857142857142794,-2.2204460492503131e-16,-1.6653345369377348e-16,-0.0083333333333327486,-0.0087301587301576999,-0.0059523809523806259,
-0.0087301587301565342,-0.01071428571428279,-0.0087301587301585326,-0.010714285714285676,-0.014285714285713569,-1.1102230246251565e-16,0.00059523809523803761,-0.0039682539682522888,
0.00059523809523800465,0.00079365079365072144,0.00059523809523871762,0.00079365079365076308,0.00059523809523799598,-0.0023809523809520533,0.15238095238094651,0.076190476190472367,
0.063492063492059714,0.076190476190447498,0.063492063492054385,0.038095238095234407,0.063492063492054385,0.11428571428569079,-1.0658141036401503e-14,-9.3258734068513149e-15,
0.11428571428569345,0.06349206349205172,0.038095238095233963,0.0634920634920495,0.076190476190463485,0.063492063492061712,0.076190476190460377,0.15238095238094829,
3.5527136788005009e-15,-0.019047619047617204,-0.025396825396824418,-0.019047619047616149,-0.025396825396823086,-0.019047619047617648,-0.025396825396824418,-0.019047619047615871,
2.2204460492503131e-15,0.35714285714285632,0.21428571428571352,0.19642857142857295,0.21428571428571619,0.19642857142857029,0.30357142857142883,0.19642857142857295,
0.16071428571428537,0.2142857142857213,0.0071428571428570065,0.046428571428570486,0.024404761904761759,0.04642857142857082,0.024404761904762026,0.032142857142857653,
-0.0065476190476196905,0.032142857142848799,-0.085714285714285743,0.10714285714285698,0.03452380952380979,0.052380952380951945,0.034523809523809623,0.052380952380952639,
0.06964285714285684,0.052380952380946755,0.0053571428571412838,0.13571428571428257,-8.3266726846886741e-17,0.0053571428571428242,0.0044642857142857123,0.0053571428571428936,
0.0044642857142856707,0.005357142857142845,0.0044642857142864756,0.0053571428571428728,-2.7755575615628914e-17,2.2204460492503131e-16,-0.0023809523809521088,-0.003571428571428531,
-0.002380952380952206,-0.0035714285714283922,-0.0035714285714281979,-0.001190476190481321,-0.0035714285714313343,-0.02142857142857163,0.010714285714285711,0.0053571428571428104,
0.0071428571428568573,0.0053571428571428173,0.0071428571428571036,0.0080357142857143821,0.0071428571428568555,0.0080357142857143751,0.03214285714285877,-0.19642857142857095,
-0.10714285714285676,-0.098214285714285587,-0.10714285714285854,-0.098214285714285143,-0.08035714285714235,-0.098214285714288252,-0.080357142857142683,2.2204460492503131e-16,
0.076785714285714457,0.024999999999999883,0.022916666666666627,0.025000000000000355,0.02291666666666653,0.01874999999999985,0.022916666666668029,0.018750000000000142,
0,-0.06964285714285634,-0.047619047619047283,-0.067559523809523681,-0.047619047619047228,-0.067559523809523347,-0.072321428571428203,-0.067559523809522126,
-0.072321428571427759,-1.1102230246251565e-15,-0.0080357142857142988,-0.0017857142857142828,-0.0016369047619047604,-0.0017857142857142239,-0.0016369047619047561,-0.0013392857142857095,
-0.0016369047619050336,-0.0013392857142857052,3.4694469519536142e-18,0.016071428571428376,0.0095238095238094483,0.012202380952380937,0.009523809523809379,0.012202380952380826,
0.013392857142857095,0.012202380952381409,0.013392857142856984,8.3266726846886741e-17,-0.0080357142857142988,-0.003571428571428531,-0.0055059523809523718,-0.0035714285714285483,
-0.0055059523809523614,-0.0066964285714285442,-0.0055059523809527621,-0.0066964285714287142,-3.4694469519536142e-17,-0.16071428571428537,-0.10714285714285676,-0.098214285714287364,
-0.10714285714285665,-0.098214285714285143,-0.22321428571428603,-0.098214285714286226,-0.080357142857142683,-0.21428571428572096,-0.14464285714285685,-0.078571428571428348,
-0.04910714285714271,-0.07857142857142807,-0.049107142857142683,-0.07053571428571348,-0.094345238095238024,-0.070535714285720086,-0.085714285714286187,0.037499999999999895,
0.024999999999999883,0.022916666666666849,0.024999999999999842,0.02291666666666653,0.097321428571429031,0.022916666666667002,0.018750000000000142,0.078571428571427016,
-0.013392857142857123,-0.003571428571428531,-0.0028273809523809458,-0.0035714285714285587,-0.0028273809523809285,-0.0040178571428571008,-0.0028273809523812962,-0.0040178571428572535,
-5.5511151231257827e-17,0.026785714285714218,0.014285714285714346,0.012797619047618967,0.014285714285714166,0.012797619047618919,0.01874999999999985,0.017559523809524004,
0.01875000000000028,0.021428571428571852,-0.0026785714285714329,-0.0017857142857142828,-0.0016369047619045106,-0.0017857142857142785,-0.0016369047619047561,-0.0084821428571428704,
-0.0016369047619047218,-0.0013392857142857052,-0.0035714285714285969,-1.3322676295501878e-15,-0.038095238095238071,-0.038095238095238071,-0.038095238095238404,-0.03809523809523796,
-0.08571428571428541,-0.03809523809524018,-0.085714285714284966,-8.8817841970012523e-16,-0.17142857142857193,-0.057142857142857384,-0.047619047619047616,-0.057142857142856829,
-0.047619047619047672,-0.057142857142857162,-0.12380952380951894,-0.0571428571428646,-0.17142857142857082,0.085714285714285854,0.057142857142857051,0.052380952380952334,
0.057142857142856912,0.052380952380952195,0.042857142857142705,0.052380952380951099,0.042857142857142566,-1.1102230246251565e-16,-11.785714285714334,-4.8214285714285552,
-4.6428571428571104,-4.8214285714285623,-4.642857142857137,-4.8214285714285623,-4.6428571428571388,-4.8214285714285605,-5.357142857142847,-2.7857142857143913,
-1.9821428571428505,-0.75595238095234052,-0.6964285714285765,-0.75595238095238282,-0.85714285714285954,-0.75595238095240092,-0.85714285714285998,-1.6071428571428596,
-1.6785714285714306,-0.85714285714281857,-2.0416666666666643,-0.85714285714285943,-0.75595238095238848,-0.69642857142858094,-0.75595238095238493,-0.6964285714285694,
-0.071428571428572951,-0.21428571428573306,-0.22321428571428648,-0.098214285714285587,-0.080357142857143682,-0.098214285714285365,-0.10714285714285676,-0.098214285714287364,
-0.10714285714285665,-0.16071428571428537,1.0658141036401503e-14,0.03571428571429891,-0.095238095238048714,0.035714285714281591,0.047619047619040344,0.035714285714280258,
0.047619047619044341,0.035714285714283811,-2.6645352591003757e-15,-0.19642857142857095,-0.10714285714285854,-0.098214285714288252,-0.10714285714285682,-0.098214285714285254,
-0.080357142857143238,-0.098214285714285643,-0.080357142857142405,2.2204460492503131e-16,9.6428571428572241,2.4107142857142776,2.3214285714285552,2.4107142857142776,
2.3214285714285685,2.4107142857142811,2.3214285714285552,2.4107142857142803,3.2142857142857117,-4.1785714285714732,-0.56250000000000089,-0.54166666666667318,
-1.2053571428571459,-0.54166666666666496,-0.56249999999999822,-1.1845238095238173,-0.56249999999999822,-0.74999999999999911,2.3214285714285623,0.8660714285714306,
1.5238095238095184,0.86607142857141284,0.88095238095237072,1.6339285714285641,0.88095238095237605,0.99107142857141284,2.3571428571428505,0.37500000000001066,
0.040178571428571619,0.038690476190476719,0.11160714285714368,0.038690476190476136,0.040178571428571341,0.11011904761904656,0.040178571428571369,0.053571428571428575,
-0.60714285714285943,-0.31250000000000355,-0.27380952380952728,-0.24107142857142749,-0.20238095238095122,-0.29464285714285632,-0.27380952380952284,-0.22321428571428559,
-0.42857142857142794,0.16071428571428592,0.066964285714285365,-0.011904761904762751,0.066964285714285254,0.059523809523809035,0.11160714285714241,0.059523809523809465,
0.040178571428571119,0.17857142857142816,2.1428571428571423,2.4107142857142776,2.3214285714285552,2.4107142857142829,2.3214285714285685,2.4107142857142847,
2.321428571428569,2.4107142857142803,2.1428571428571388,2.4642857142857171,2.2767857142857295,0.88095238095236539,1.6339285714285658,0.88095238095237249,
0.86607142857141906,1.5238095238095224,0.86607142857142083,0.85714285714284877,-0.49999999999999956,-0.56250000000000089,0.10119047619047983,-0.56249999999999889,
-0.54166666666666496,-1.2053571428571455,-0.54166666666666641,-0.56249999999999822,-1,0.26785714285714279,0.18303571428571486,0.059523809523810201,
0.11160714285714224,0.059523809523808868,0.066964285714285476,0.13095238095238074,0.066964285714285365,0.10714285714285721,-0.46428571428571264,-0.36607142857142971,
-0.13095238095238493,-0.29464285714285599,-0.20238095238094966,-0.24107142857142683,-0.2738095238095235,-0.16964285714285565,-0.21428571428571397,0.035714285714285754,
0.040178571428571619,-0.032738095238095122,0.040178571428571369,0.038690476190476136,0.11160714285714343,0.038690476190476157,0.040178571428571369,0.1071428571428574,
1.142857142857153,0.57142857142855519,0.66666666666668561,0.57142857142855519,0.66666666666665009,0.85714285714285054,0.66666666666666075,0.85714285714283989,
1.7142857142857153,4.0000000000000071,0.8571428571428612,0.66666666666677088,0.85714285714285054,0.66666666666665542,0.57142857142856052,0.66666666666666519,
0.57142857142855874,0,-1.1428571428571441,-1.2857142857142918,-1.238095238095255,-1.2857142857142838,-1.2380952380952364,-1.2857142857142829,
-1.238095238095237,-1.2857142857142838,-1.7142857142857144,5.1785714285714732,2.4107142857142918,1.0833333333333286,1.1250000000000009,1.0833333333333299,
1.1249999999999964,1.0833333333333375,1.1249999999999964,1.2499999999999982,1.0785714285714647,0.94821428571428434,0.17638888888886761,0.16250000000000009,
0.17638888888888879,0.20000000000000084,0.17638888888888982,0.20000000000000051,0.37500000000000044,0.71547619047619548,0.19999999999996732,0.66210317460317825,
0.20000000000000062,0.17638888888888893,0.16249999999999809,0.17638888888888937,0.16249999999999964,0.016666666666665275,0.078571428571427404,0.097321428571429447,
0.022916666666666696,0.018750000000000155,0.022916666666666446,0.024999999999999883,0.02291666666666603,0.024999999999999911,0.037499999999999867,0.0047619047619065213,
-0.0083333333333470705,0.046031746031728105,-0.0083333333333335258,-0.011111111111110517,-0.0083333333333331927,-0.011111111111110961,-0.0083333333333328596,-4.4408920985006262e-16,
0.076785714285714457,0.025000000000000355,0.022916666666669805,0.024999999999999883,0.02291666666666653,0.018750000000000128,0.022916666666666637,0.01874999999999985,
2.2204460492503131e-16,-4.1785714285714732,-1.2053571428571459,-1.1845238095238173,-0.56250000000000089,-0.54166666666666496,-0.56249999999999822,-0.54166666666667318,
-0.56249999999999822,-0.74999999999999911,2.1773809523809575,0.28124999999999867,0.27638888888889124,0.28124999999999867,0.12638888888888855,0.13124999999999976,
0.27638888888889124,0.13124999999999976,0.17500000000000027,-0.90119047619049653,-0.052083333333321491,-0.50555555555554577,-0.20208333333333117,-0.20555555555555438,
-0.38124999999999831,-0.2055555555555546,-0.23125000000000107,-0.55000000000000071,-0.20059523809524826,-0.020089285714285754,-0.019742063492063422,-0.02604166666666663,
